%YAML:1.0
---
model_type: PINHOLE
camera_name: camera
image_width: 480
image_height: 270
distortion_parameters:
   k1: 0.0016413521689076598
   k2: 0.001656908462668327
   p1: -0.00047233287990494947
   p2: -0.0008277552489064467
projection_parameters:
   fx: 243.35952344536685
   fy: 242.8273544475886
   cx: 238.19626146573674
   cy: 133.45742131098663