%YAML:1.0

#camera calibration 
model_type: PINHOLE
camera_name: camera
image_width: 640
image_height: 480
distortion_parameters:
   k1: 0.0
   k2: 0.0
   p1: 0.0
   p2: 0.0
   k3: 0.0
projection_parameters:
   fx: 609.334228515625
   fy: 608.0077514648438
   cx: 315.83184814453125
   cy: 252.28677368164062