%YAML:1.0
---
#inputs
imu: 1
imu_topic: "/mavros/imu/data_raw"
image0_topic: "/camera/infra1/image_rect_raw"
image1_topic: "/camera/infra2/image_rect_raw"

is_compressed_images: 0

imu_freq: 200
image_freq: 15
frame_step: 3

#Camera configuration
camera_configuration: 0  #STEREO_PINHOLE = 0, STEREO_FISHEYE = 1, PINHOLE_DEPTH = 2, FOURCORNER_FISHEYE = 3
num_of_cam: 2

imu_calib: "../../imu/kakute_h7_mini.yaml"
image_width: 480
image_height: 270

base_T_imu: !!opencv-matrix
   rows: 4
   cols: 4
   dt: d
   data: [1.00000000, 0.00000000, 0.00000000, 0.00000000,
      0.00000000, 1.00000000, 0.00000000, 0.00000000,
      0.00000000, 0.00000000, 1.00000000, 0.00000000,
      0.00000000, 0.00000000, 0.00000000, 1.00000000]

cam0_calib: "../../camera/d435_realsense/left_480x270.yaml"
imu_T_cam0: !!opencv-matrix
   rows: 4
   cols: 4
   dt: d
   data: [0.00311489, -0.01576322, 0.99987090, 0.05055481,
      0.99953239, 0.03046405, -0.00263356, 0.00247248,
      -0.03041861, 0.99941156, 0.01585074, 0.02218413,
      0.00000000, 0.00000000, 0.00000000, 1.00000000]
mask_polygon_left: [320, 0, 480, 0, 480, 20, 380, 80, 320, 80]

cam1_calib: "../../camera/d435_realsense/right_480x270.yaml"
imu_T_cam1: !!opencv-matrix
    rows: 4
    cols: 4
    dt: d
    data: [0.00304888, -0.01566674, 0.99987262, 0.05088551,
      0.99952290, 0.03077958, -0.00256553, 0.05227934,
      -0.03073547, 0.99940341, 0.01575311, 0.02062529,
      0.00000000, 0.00000000, 0.00000000, 1.00000000]
mask_polygon_right: [0, 0, 78, 0, 78, 85, 0, 85]

depth_cam_calib: "../../camera/d435_realsense/right_480x270.yaml"
imu_T_depth_cam: !!opencv-matrix
    rows: 4
    cols: 4
    dt: d
    data: [0.00311489, -0.01576322, 0.99987090, 0.05055481,
      0.99953239, 0.03046405, -0.00263356, 0.00247248,
      -0.03041861, 0.99941156, 0.01585074, 0.02218413,
      0.00000000, 0.00000000, 0.00000000, 1.00000000]

d2slam: "../../d2slam/orin_nx.yaml"
ego_planner: "../../ego_planner/fast.yaml"