%YAML:1.0
---
#inputs
imu: 1
imu_topic: "/mavros/imu/data_raw"
image0_topic: "/camera/infra1/image_rect_raw"
image1_topic: "/camera/infra2/image_rect_raw"

is_compressed_images: 0

imu_freq: 200
image_freq: 15
frame_step: 3

#Camera configuration
camera_configuration: 0  #STEREO_PINHOLE = 0, STEREO_FISHEYE = 1, PINHOLE_DEPTH = 2, FOURCORNER_FISHEYE = 3
num_of_cam: 2

imu_calib: "../../imu/kakute_h7_mini.yaml"
image_width: 480
image_height: 270

base_T_imu: !!opencv-matrix
   rows: 4
   cols: 4
   dt: d
   data: [1.00000000, 0.00000000, 0.00000000, 0.00000000,
      0.00000000, 1.00000000, 0.00000000, 0.00000000,
      0.00000000, 0.00000000, 1.00000000, 0.00000000,
      0.00000000, 0.00000000, 0.00000000, 1.00000000]

cam0_calib: "../../camera/d435_realsense/left_480x270.yaml" # Right Camera!
imu_T_cam0: !!opencv-matrix
   rows: 4
   cols: 4
   dt: d
   data: [-0.01129304, 0.02903640, 0.99951456, 0.03845902,
      0.99984896, -0.01287828, 0.01167094, 0.01074754,
      0.01321092, 0.99949539, -0.02888658, 0.02412107,
      0.00000000, 0.00000000, 0.00000000, 1.00000000]
mask_polygon_left: [320, 0, 480, 0, 480, 20, 380, 80, 320, 80]

cam1_calib: "../../camera/d435_realsense/right_480x270.yaml" # Left Camera!
imu_T_cam1: !!opencv-matrix
    rows: 4
    cols: 4
    dt: d
    data: [-0.01031394, 0.03188617, 0.99943829, 0.03805847,
      0.99985184, -0.01344583, 0.01074718, 0.06087930,
      0.01378096, 0.99940106, -0.03174276, 0.02469521,
      0.00000000, 0.00000000, 0.00000000, 1.00000000]
mask_polygon_right: [0, 0, 78, 0, 78, 85, 0, 85]

depth_cam_calib: "../../camera/d435_realsense/left_480x270.yaml"
imu_T_depth_cam: !!opencv-matrix
    rows: 4
    cols: 4
    dt: d
    data: [-0.01129304, 0.02903640, 0.99951456, 0.03845902,
      0.99984896, -0.01287828, 0.01167094, 0.01074754,
      0.01321092, 0.99949539, -0.02888658, 0.02412107,
      0.00000000, 0.00000000, 0.00000000, 1.00000000]

color_cam_calib: "../../camera/d435_realsense/color_640x480.yaml"
imu_T_color_cam: !!opencv-matrix
    rows: 4
    cols: 4
    dt: d
    data: [-0.01129304, 0.02903640, 0.99951456, 0.03845902,
      0.99984896, -0.01287828, 0.01167094, 0.01074754,
      0.01321092, 0.99949539, -0.02888658, 0.02412107,
      0.00000000, 0.00000000, 0.00000000, 1.00000000]

d2slam: "../../d2slam/orin_nx.yaml"
ego_planner: "../../ego_planner/fast.yaml"
