%YAML:1.0
---
#inputs
imu: 1
imu_topic: "/mavros/imu/data_raw"
image0_topic: "/camera/infra1/image_rect_raw"
image1_topic: "/camera/infra2/image_rect_raw"

is_compressed_images: 0

imu_freq: 200
image_freq: 15
frame_step: 3

#Camera configuration
camera_configuration: 0  #STEREO_PINHOLE = 0, STEREO_FISHEYE = 1, PINHOLE_DEPTH = 2, FOURCORNER_FISHEYE = 3
num_of_cam: 2

imu_calib: "../../imu/kakute_h7_mini.yaml"
image_width: 480
image_height: 270

base_T_imu: !!opencv-matrix
   rows: 4
   cols: 4
   dt: d
   data: [1.00000000, 0.00000000, 0.00000000, 0.00000000,
      0.00000000, 1.00000000, 0.00000000, 0.00000000,
      0.00000000, 0.00000000, 1.00000000, 0.00000000,
      0.00000000, 0.00000000, 0.00000000, 1.00000000]

cam0_calib: "../../camera/d435_realsense/left_480x270.yaml"
imu_T_cam0: !!opencv-matrix
   rows: 4
   cols: 4
   dt: d
   data: [-0.00235811, 0.00552647, 0.99998195, 0.04630307,
      0.99985624, 0.01680387, 0.00226494, 0.01213828,
      -0.01679105, 0.99984353, -0.00556530, 0.02591576,
      0.00000000, 0.00000000, 0.00000000, 1.00000000]

cam1_calib: "../../camera/d435_realsense/right_480x270.yaml"
imu_T_cam1: !!opencv-matrix
    rows: 4
    cols: 4
    dt: d
    data: [0.00067906, 0.00767162, 0.99997034, 0.04642620,
      0.99987224, 0.01596459, -0.00080148, 0.06229269,
      -0.01597027, 0.99984313, -0.00765980, 0.02507440,
      0.00000000, 0.00000000, 0.00000000, 1.00000000]

depth_cam_calib: "../../camera/d435_realsense/right_480x270.yaml"
imu_T_depth_cam: !!opencv-matrix
    rows: 4
    cols: 4
    dt: d
    data: [-0.00235811, 0.00552647, 0.99998195, 0.04630307,
      0.99985624, 0.01680387, 0.00226494, 0.01213828,
      -0.01679105, 0.99984353, -0.00556530, 0.02591576,
      0.00000000, 0.00000000, 0.00000000, 1.00000000]

color_cam_calib: "../../camera/d435_realsense/color_640x480.yaml"
imu_T_color_cam: !!opencv-matrix
    rows: 4
    cols: 4
    dt: d
    data: [-0.00235811, 0.00552647, 0.99998195, 0.04630307,
      0.99985624, 0.01680387, 0.00226494, 0.01213828,
      -0.01679105, 0.99984353, -0.00556530, 0.02591576,
      0.00000000, 0.00000000, 0.00000000, 1.00000000]

d2slam: "../../d2slam/orin_nx.yaml"
ego_planner: "../../ego_planner/fast.yaml"
