%YAML:1.0
---
#inputs
imu: 1
imu_topic: "/mavros/imu/data_raw"
image0_topic: "/camera/infra1/image_rect_raw"
image1_topic: "/camera/infra2/image_rect_raw"

is_compressed_images: 0

imu_freq: 200
image_freq: 15
frame_step: 3

#Camera configuration
camera_configuration: 0  #STEREO_PINHOLE = 0, STEREO_FISHEYE = 1, PINHOLE_DEPTH = 2, FOURCORNER_FISHEYE = 3
num_of_cam: 2

imu_calib: "../../imu/kakute_h7_mini.yaml"
image_width: 480
image_height: 270

base_T_imu: !!opencv-matrix
   rows: 4
   cols: 4
   dt: d
   data: [1.00000000, 0.00000000, 0.00000000, 0.00000000,
      0.00000000, 1.00000000, 0.00000000, 0.00000000,
      0.00000000, 0.00000000, 1.00000000, 0.00000000,
      0.00000000, 0.00000000, 0.00000000, 1.00000000]

cam0_calib: "../../camera/d435_realsense/left_480x270.yaml"
imu_T_cam0: !!opencv-matrix
   rows: 4
   cols: 4
   dt: d
   data: [0.00547025, -0.00493767, 0.99997285, 0.03539441,
      0.99991755, 0.01164490, -0.00541244, 0.01034621,
      -0.01161786, 0.99992000, 0.00500097, 0.02933545,
      0.00000000, 0.00000000, 0.00000000, 1.00000000]

cam1_calib: "../../camera/d435_realsense/right_480x270.yaml"
imu_T_cam1: !!opencv-matrix
    rows: 4
    cols: 4
    dt: d
    data: [0.00730975, -0.00254121, 0.99997005, 0.03540373,
      0.99990856, 0.01139582, -0.00728034, 0.06042823,
      -0.01137698, 0.99993184, 0.00262428, 0.02863950,
      0.00000000, 0.00000000, 0.00000000, 1.00000000]

depth_cam_calib: "../../camera/d435_realsense/right_480x270.yaml"
imu_T_depth_cam: !!opencv-matrix
    rows: 4
    cols: 4
    dt: d
    data: [0.00547025, -0.00493767, 0.99997285, 0.03539441,
      0.99991755, 0.01164490, -0.00541244, 0.01034621,
      -0.01161786, 0.99992000, 0.00500097, 0.02933545,
      0.00000000, 0.00000000, 0.00000000, 1.00000000]

color_cam_calib: "../../camera/d435_realsense/color_640x480.yaml"
imu_T_color_cam: !!opencv-matrix
    rows: 4
    cols: 4
    dt: d
    data: [0.00547025, -0.00493767, 0.99997285, 0.03539441,
      0.99991755, 0.01164490, -0.00541244, 0.01034621,
      -0.01161786, 0.99992000, 0.00500097, 0.02933545,
      0.00000000, 0.00000000, 0.00000000, 1.00000000]

d2slam: "../../d2slam/orin_nx.yaml"
ego_planner: "../../ego_planner/fast.yaml"
